    0    1       8071.000
    1    1       7289.000
    1    2      13136.000
    1    3      14950.000
    2    3      14931.000
    1    4      25840.000
    2    4       2424.000
    3    4      25120.000
    2    5      11390.000
    3    5      11680.000
    2    6      17592.000
    3    6      14085.000
    4    6      18374.000
    2    7      26110.000
    3    7      14907.000
    4    7      15768.000
    5    7      27870.000
    2    8      31598.000
    3    8      20945.000
    4    8       4941.000
    5    8      22920.000
    6    8      35094.000
    2    9      40810.000
    3    9      24954.000
    4    9      11347.000
    5    9      12415.000
    6    9      28913.000
    3   10      33840.000
    4   10      12607.000
    5   10      12050.000
    6   10      15699.000
    7   10      39700.000
    3   11      40900.000
    4   11      20174.000
    5   11       8668.000
    6   11      10650.000
    7   11      24890.000
    4   12      25077.000
    5   12      13369.000
    6   12          0.000
    7   12      17338.000
    8   12      32060.002
    4   13      35000.000
    5   13      16562.000
    6   13       3125.000
    7   13       5345.000
    8   13      23113.000
    4   14      40100.000
    5   14      23664.000
    6   14       3020.000
    7   14       2863.000
    8   14       8006.000
    9   14      33610.000
    5   15      28970.000
    6   15       9873.000
    7   15        101.000
    8   15       2855.000
    9   15      16770.000
    5   16      37140.000
    6   16      13694.000
    7   16       5682.000
    8   16      -4737.000
    9   16      10680.000
   10   16      23989.000
    5   17      43310.000
    6   17      21035.000
    7   17       7871.000
    8   17       -809.000
    9   17       1951.000
   10   17      16480.000
    5   18      52280.000
    6   18      24920.000
    7   18      13117.000
    8   18       -782.000
    9   18        873.000
   10   18       5319.000
   11   18      25320.000
    5   19      59360.000
    6   19      32630.002
    7   19      15871.000
    8   19       3332.000
    9   19      -1487.000
   10   19       1751.000
   11   19      12928.000
    6   20      37070.000
    7   20      21880.000
    8   20       3796.000
    9   20        -17.000
   10   20      -7047.000
   11   20       6839.000
   12   20      17570.000
    7   21      25150.000
    8   21       8066.000
    9   21        -47.000
   10   21      -5737.000
   11   21      -2189.000
   12   21      10913.000
    7   22      31730.000
    8   22       9440.000
    9   22       2830.000
   10   22      -8027.000
   11   22      -5185.000
   12   22       -397.000
   13   22      18090.000
    8   23      14540.000
    9   23       3350.000
   10   23      -5156.000
   11   23      -9532.000
   12   23      -5473.000
   13   23       6767.000
   14   23      23530.000
    8   24      18790.000
    9   24       7780.000
   10   24      -5950.000
   11   24      -8420.000
   12   24     -13933.000
   13   24        -55.000
   14   24      10755.000
    9   25      10940.000
   10   25      -2060.000
   11   25      -9360.000
   12   25     -13192.000
   13   25      -8915.000
   14   25       3827.000
   15   25      22080.000
    9   26      17700.000
   10   26        440.000
   11   26      -6904.000
   12   26     -16214.001
   13   26     -12210.000
   14   26      -7145.000
   15   26      11260.000
   10   27       6410.000
   11   27      -5600.000
   12   27     -14586.000
   13   27     -17197.000
   14   27     -12385.000
   15   27       -750.000
   16   27      18220.000
   10   28      10780.000
   11   28      -1140.000
   12   28     -15019.000
   13   28     -16851.000
   14   28     -21492.000
   15   28      -7161.000
   16   28       4130.000
   11   29       2650.000
   12   29     -10661.000
   13   29     -18215.000
   14   29     -21895.000
   15   29     -16951.000
   16   29      -3160.000
   17   29      15050.000
   11   30       8210.000
   12   30      -9100.000
   13   30     -15890.000
   14   30     -24433.000
   15   30     -20200.000
   16   30     -14063.000
   17   30       4840.000
   11   31      11830.000
   12   31      -3650.000
   13   31     -15050.000
   14   31     -22950.000
   15   31     -24441.000
   16   31     -19045.000
   17   31      -7060.000
   18   31      11660.000
   11   32      16550.000
   12   32      -1750.000
   13   32     -11210.000
   14   32     -24081.000
   15   32     -24305.000
   16   32     -26016.000
   17   32     -13330.000
   18   32      -2180.000
   11   33      21470.000
   12   33       5010.000
   13   33      -8840.000
   14   33     -20492.000
   15   33     -26338.000
   16   33     -26586.000
   17   33     -21003.000
   18   33      -9380.000
   19   33       8000.000
   11   34      26650.000
   12   34       8440.000
   13   34      -3660.000
   14   34     -19958.000
   15   34     -24557.000
   16   34     -29932.000
   17   34     -24440.000
   18   34     -18379.000
   19   34      -1480.000
   12   35      14680.000
   13   35       -660.000
   14   35     -14320.000
   15   35     -24857.000
   16   35     -28846.000
   17   35     -29013.000
   18   35     -23048.000
   19   35     -11167.000
   20   35       4450.000
   13   36       5050.000
   14   36     -13260.000
   15   36     -20251.000
   16   36     -30664.000
   17   36     -29522.000
   18   36     -30230.000
   19   36     -17425.000
   20   36      -6440.000
   14   37      -7000.000
   15   37     -19260.000
   16   37     -26896.000
   17   37     -31761.000
   18   37     -30948.000
   19   37     -24798.000
   20   37     -13159.000
   14   38      -5360.000
   15   38     -14160.000
   16   38     -26861.000
   17   38     -29798.000
   18   38     -34715.000
   19   38     -28802.000
   20   38     -22059.000
   21   38      -4460.000
   15   39     -12500.000
   16   39     -23000.000
   17   39     -29802.000
   18   39     -33241.000
   19   39     -33806.000
   20   39     -27275.000
   21   39     -14300.000
   15   40      -7020.000
   16   40     -22520.000
   17   40     -27530.000
   18   40     -35039.000
   19   40     -33534.000
   20   40     -34846.000
   21   40     -20526.000
   22   40      -9063.000
   16   41     -17870.000
   17   41     -27400.000
   18   41     -33066.000
   19   41     -35558.000
   20   41     -35137.000
   21   41     -28643.000
   22   41     -15690.000
   16   42     -16420.000
   17   42     -24420.000
   18   42     -34420.000
   19   42     -35020.000
   20   42     -38547.000
   21   42     -32120.998
   22   42     -25121.000
   23   42      -8220.000
   17   43     -23130.000
   18   43     -31980.000
   19   43     -36593.000
   20   43     -38408.000
   21   43     -36187.000
   22   43     -29320.000
   23   43     -17920.000
   17   44     -20010.000
   18   44     -32259.998
   19   44     -35810.000
   20   44     -41469.000
   21   44     -37815.000
   22   44     -37548.000
   23   44     -23800.000
   24   44     -13450.000
   18   45     -29720.000
   19   45     -36614.000
   20   45     -40812.000
   21   45     -41069.000
   22   45     -39006.000
   23   45     -31875.000
   24   45     -19410.000
   18   46     -29720.000
   19   46     -35418.000
   20   46     -43140.000
   21   46     -41758.000
   22   46     -44125.000
   23   46     -37075.000
   24   46     -29472.000
   25   46     -12470.000
   18   47     -25910.000
   19   47     -35696.000
   20   47     -42345.000
   21   47     -44330.000
   22   47     -44931.000
   23   47     -42004.000
   24   47     -34553.000
   25   47     -22650.000
   19   48     -32122.002
   20   48     -44214.000
   21   48     -44492.000
   22   48     -48487.000
   23   48     -44474.000
   24   48     -42818.000
   25   48     -29211.000
   26   48     -18130.000
   19   49     -30770.000
   20   49     -41289.000
   21   49     -46558.000
   22   49     -48558.000
   23   49     -47956.000
   24   49     -45328.000
   25   49     -37611.000
   26   49     -24580.000
   19   50     -25520.000
   20   50     -39570.000
   21   50     -44537.000
   22   50     -51426.000
   23   50     -49219.000
   24   50     -50257.000
   25   50     -42625.000
   26   50     -34470.000
   27   50     -17980.000
   20   51     -35010.000
   21   51     -43218.000
   22   51     -49726.000
   23   51     -52199.000
   24   51     -51447.000
   25   51     -48238.000
   26   51     -40217.000
   27   51     -27420.000
   20   52     -32460.000
   21   52     -40060.000
   22   52     -49464.000
   23   52     -51438.000
   24   52     -55414.000
   25   52     -50702.000
   26   52     -48331.000
   27   52     -34287.000
   28   52     -22640.000
   21   53     -38230.000
   22   53     -46830.000
   23   53     -51846.000
   24   53     -55282.000
   25   53     -54686.000
   26   53     -50943.000
   27   53     -42639.000
   28   53     -29380.000
   22   54     -45530.000
   23   54     -49889.000
   24   54     -56930.000
   25   54     -55553.000
   26   54     -56250.000
   27   54     -48007.000
   28   54     -39210.000
   29   54     -21210.000
   23   55     -49150.000
   24   55     -55105.000
   25   55     -57708.000
   26   55     -57476.000
   27   55     -54025.000
   28   55     -45330.000
   29   55     -31630.000
   23   56     -46110.000
   24   56     -55290.000
   25   56     -56907.000
   26   56     -60603.000
   27   56     -56037.000
   28   56     -53901.000
   29   56     -38584.000
   30   56     -26130.000
   24   57     -52690.000
   25   57     -57487.000
   26   57     -60178.000
   27   57     -59342.000
   28   57     -56077.000
   29   57     -47350.000
   30   57     -32700.000
   24   58     -52050.000
   25   58     -55830.000
   26   58     -62151.000
   27   58     -59844.000
   28   58     -60225.000
   29   58     -51662.000
   30   58     -42210.000
   25   59     -55476.000
   26   59     -60661.000
   27   59     -62226.000
   28   59     -61153.000
   29   59     -56353.000
   30   59     -47260.000
   25   60     -52900.000
   26   60     -61406.000
   27   60     -61646.000
   28   60     -64470.000
   29   60     -58344.000
   30   60     -54185.000
   26   61     -58919.000
   27   61     -62897.000
   28   61     -64219.000
   29   61     -61982.000
   30   61     -56343.000
   31   61     -47540.000
   26   62     -58896.000
   27   62     -61423.000
   28   62     -66745.000
   29   62     -62797.000
   30   62     -61170.000
   31   62     -51999.000
   26   63     -55190.000
   27   63     -61839.000
   28   63     -65512.000
   29   63     -65578.000
   30   63     -62211.000
   31   63     -56690.000
   32   63     -47310.000
   27   64     -59791.000
   28   64     -67098.000
   29   64     -65422.996
   30   64     -66002.000
   31   64     -58837.000
   32   64     -54430.000
   27   65     -59160.000
   28   65     -65124.000
   29   65     -67262.000
   30   65     -65910.000
   31   65     -62654.000
   32   65     -56410.000
   33   65     -47510.000
   28   66     -66029.000
   29   66     -66256.000
   30   66     -68898.000
   31   66     -63724.000
   32   66     -61620.000
   33   66     -52070.000
   28   67     -63743.000
   29   67     -67303.000
   30   67     -67879.000
   31   67     -66878.000
   32   67     -62656.000
   33   67     -56650.000
   34   67     -46860.000
   28   68     -63483.000
   29   68     -65540.000
   30   68     -70006.000
   31   68     -67085.000
   32   68     -66978.000
   33   68     -58880.000
   34   68     -54080.000
   28   69     -60460.000
   29   69     -65741.000
   30   69     -68417.000
   31   69     -69322.000
   32   69     -67097.000
   33   69     -63080.000
   34   69     -56300.000
   35   69     -46800.000
   29   70     -63390.000
   30   70     -69561.000
   31   70     -68905.000
   32   70     -70561.000
   33   70     -64339.996
   34   70     -61540.000
   35   70     -51140.000
   29   71     -62920.000
   30   71     -67323.000
   31   71     -70139.000
   32   71     -69906.000
   33   71     -67894.000
   34   71     -63090.000
   35   71     -56590.000
   36   71     -46490.000
   30   72     -68131.000
   31   72     -68589.000
   32   72     -72583.000
   33   72     -68228.000
   34   72     -67897.000
   35   72     -59000.000
   36   72     -53940.000
   30   73     -65410.004
   31   73     -69705.000
   32   73     -71295.000
   33   73     -70955.000
   34   73     -68215.000
   35   73     -63600.000
   36   73     -56890.000
   37   73     -46590.000
   30   74     -65708.000
   31   74     -68060.000
   32   74     -73423.000
   33   74     -70861.000
   34   74     -72215.000
   35   74     -65301.004
   36   74     -62130.000
   37   74     -51670.000
   30   75     -62530.000
   31   75     -68466.000
   32   75     -71858.000
   33   75     -73035.000
   34   75     -72171.000
   35   75     -69142.000
   36   75     -64213.996
   37   75     -57210.000
   30   76     -62290.000
   31   76     -66440.000
   32   76     -73214.000
   33   76     -72290.000
   34   76     -75254.000
   35   76     -70291.000
   36   76     -68965.000
   37   76     -60530.000
   30   77     -58820.000
   31   77     -66320.000
   32   77     -71216.000
   33   77     -73918.000
   34   77     -74601.000
   35   77     -73237.000
   36   77     -70194.000
   37   77     -64917.000
   38   77     -57880.000
   30   78     -57660.000
   31   78     -63560.000
   32   78     -71863.000
   33   78     -72819.000
   34   78     -77028.000
   35   78     -73455.000
   36   78     -74147.000
   37   78     -66980.000
   38   78     -63450.000
   30   79     -53820.000
   31   79     -62720.000
   32   79     -69490.000
   33   79     -73639.000
   34   79     -75920.000
   35   79     -76070.000
   36   79     -74445.000
   37   79     -70839.000
   38   79     -65339.996
   39   79     -58140.000
   30   80     -51890.000
   31   80     -59380.000
   32   80     -69380.000
   33   80     -72165.000
   34   80     -77762.000
   35   80     -75891.000
   36   80     -77894.000
   37   80     -72176.000
   38   80     -70190.000
   39   80     -61190.000
   31   81     -57990.000
   32   81     -66310.000
   33   81     -72536.000
   34   81     -76392.000
   35   81     -77978.000
   36   81     -77697.000
   37   81     -75459.000
   38   81     -71470.000
   39   81     -65950.000
   40   81     -58790.000
   31   82     -53380.000
   32   82     -65379.996
   33   82     -70078.000
   34   82     -77596.000
   35   82     -77499.000
   36   82     -80592.000
   37   82     -76203.000
   38   82     -75998.000
   39   82     -68180.000
   40   82     -64180.000
   32   83     -61140.000
   33   83     -69880.000
   34   83     -75343.000
   35   83     -79010.000
   36   83     -79982.000
   37   83     -79049.000
   38   83     -76781.000
   39   83     -72370.000
   40   83     -66350.000
   32   84     -58150.000
   33   84     -66080.000
   34   84     -75952.000
   35   84     -77776.000
   36   84     -82430.000
   37   84     -79748.000
   38   84     -80641.000
   39   84     -74230.000
   40   84     -71430.000
   41   84     -61530.000
   33   85     -63510.000
   34   85     -72420.000
   35   85     -78607.000
   36   85     -81477.000
   37   85     -82164.000
   38   85     -81099.000
   39   85     -77845.000
   40   85     -73150.000
   41   85     -66940.000
   33   86     -59340.000
   34   86     -70540.000
   35   86     -75640.000
   36   86     -83262.000
   37   86     -82744.000
   38   86     -84518.000
   39   86     -79279.000
   40   86     -77980.000
   41   86     -69580.000
   42   86     -64680.000
   34   87     -66710.000
   35   87     -73856.000
   36   87     -80706.000
   37   87     -84593.000
   38   87     -84875.000
   39   87     -83014.000
   40   87     -79348.000
   41   87     -74180.000
   42   87     -67440.000
   34   88     -63820.000
   35   88     -70720.000
   36   88     -79688.000
   37   88     -82601.000
   38   88     -87916.000
   39   88     -84294.000
   40   88     -83626.000
   41   88     -76430.000
   42   88     -72830.000
   43   88     -62330.000
   35   89     -68420.000
   36   89     -76720.000
   37   89     -81709.000
   38   89     -86211.000
   39   89     -87703.000
   40   89     -84871.000
   41   89     -80580.000
   42   89     -75005.000
   43   89     -68000.000
   35   90     -64650.000
   36   90     -74947.000
   37   90     -79350.000
   38   90     -85942.000
   39   90     -86488.000
   40   90     -88770.000
   41   90     -82659.000
   42   90     -80170.000
   43   90     -70970.000
   44   90     -65470.000
   36   91     -71370.000
   37   91     -77786.000
   38   91     -83652.000
   39   91     -86349.000
   40   91     -87893.000
   41   91     -86640.000
   42   91     -82208.000
   43   91     -75990.000
   44   91     -68410.000
   36   92     -68650.000
   37   92     -74811.000
   38   92     -82923.000
   39   92     -84833.000
   40   92     -88457.000
   41   92     -86451.000
   42   92     -86809.000
   43   92     -78939.000
   44   92     -74410.000
   45   92     -63140.000
   36   93     -64160.004
   37   93     -72688.000
   38   93     -80160.000
   39   93     -84245.000
   40   93     -87120.000
   41   93     -87210.000
   42   93     -86805.000
   43   93     -83607.000
   44   93     -77270.000
   45   93     -69110.000
   37   94     -68518.000
   38   94     -78836.000
   39   94     -82348.000
   40   94     -87268.000
   41   94     -86368.000
   42   94     -88413.000
   43   94     -84158.000
   44   94     -82569.000
   45   94     -72940.000
   46   94     -66270.000
   37   95     -65813.000
   38   95     -75050.000
   39   95     -81214.000
   40   95     -85659.000
   41   95     -86783.000
   42   95     -87709.000
   43   95     -86018.000
   44   95     -83451.000
   45   95     -78340.000
   46   95     -70150.000
   37   96     -61150.000
   38   96     -72880.000
   39   96     -78300.000
   40   96     -85442.000
   41   96     -85606.000
   42   96     -88792.000
   43   96     -85819.000
   44   96     -86073.000
   45   96     -79626.000
   46   96     -76180.000
   47   96     -64430.000
   37   97     -58290.000
   38   97     -68810.000
   39   97     -76270.000
   40   97     -82950.000
   41   97     -85608.000
   42   97     -87542.000
   43   97     -87222.000
   44   97     -86113.000
   45   97     -82590.000
   46   97     -77800.000
   47   97     -70790.000
   37   98     -54090.000
   38   98     -66380.000
   39   98     -72520.000
   40   98     -81283.000
   41   98     -83528.000
   42   98     -88113.000
   43   98     -86429.000
   44   98     -88225.000
   45   98     -83168.000
   46   98     -81301.000
   47   98     -73000.000
   48   98     -67900.000
   37   99     -50860.000
   38   99     -62150.000
   39   99     -70170.000
   40   99     -77790.000
   41   99     -82328.000
   42   99     -85967.000
   43   99     -87324.000
   44   99     -87617.000
   45   99     -85519.000
   46   99     -82193.000
   47   99     -76760.000
   48   99     -69890.000
   38  100     -60200.000
   39  100     -67290.000
   40  100     -76590.000
   41  100     -79929.000
   42  100     -86186.000
   43  100     -86017.000
   44  100     -89219.000
   45  100     -85590.000
   46  100     -85221.000
   47  100     -78170.000
   48  100     -74320.000
   49  100     -63870.000
   39  101     -64650.000
   40  101     -73380.000
   41  101     -78950.000
   42  101     -83513.000
   43  101     -86337.000
   44  101     -87950.000
   45  101     -87410.000
   46  101     -85430.000
   47  101     -81190.000
   48  101     -75660.000
   49  101     -68360.000
   39  102     -61450.000
   40  102     -71770.000
   41  102     -76350.000
   42  102     -83559.000
   43  102     -84569.000
   44  102     -89099.000
   45  102     -86821.000
   46  102     -87918.000
   47  102     -82080.000
   48  102     -79720.000
   49  102     -70580.000
   50  102     -65019.996
   40  103     -68290.000
   41  103     -75240.000
   42  103     -80760.000
   43  103     -84601.000
   44  103     -87260.000
   45  103     -88024.000
   46  103     -87471.000
   47  103     -84787.000
   48  103     -80650.000
   49  103     -74607.000
   50  103     -67050.000
   40  104     -66260.000
   41  104     -72260.000
   42  104     -80370.000
   43  104     -82490.000
   44  104     -88093.000
   45  104     -86952.000
   46  104     -89393.000
   47  104     -85114.000
   48  104     -83977.000
   49  104     -76080.000
   50  104     -71680.000
   51  104     -59380.000
   41  105     -70940.000
   42  105     -77360.000
   43  105     -82350.000
   44  105     -85932.000
   45  105     -87849.000
   46  105     -88416.000
   47  105     -87078.000
   48  105     -84339.000
   49  105     -79493.000
   50  105     -73240.000
   51  105     -63930.000
   41  106     -67290.000
   42  106     -76270.000
   43  106     -79790.000
   44  106     -86326.000
   45  106     -86365.000
   46  106     -89907.000
   47  106     -86941.000
   48  106     -87135.000
   49  106     -80617.000
   50  106     -77450.000
   51  106     -66520.000
   52  106     -58270.000
   42  107     -72910.000
   43  107     -79160.000
   44  107     -83710.000
   45  107     -86862.000
   46  107     -88374.000
   47  107     -88407.000
   48  107     -86990.000
   49  107     -83568.000
   50  107     -78470.000
   51  107     -70770.000
   52  107     -60640.000
   42  108     -71460.000
   43  108     -76280.000
   44  108     -83760.000
   45  108     -85080.000
   46  108     -89523.000
   47  108     -87605.000
   48  108     -89253.000
   49  108     -84112.000
   50  108     -82050.000
   51  108     -72510.000
   52  108     -65820.000
   53  108     -52750.000
   43  109     -74920.000
   44  109     -80720.000
   45  109     -85021.000
   46  109     -87605.000
   47  109     -88721.000
   48  109     -88507.000
   49  109     -86487.000
   50  109     -82633.000
   51  109     -76253.000
   52  109     -67620.000
   53  109     -57710.000
   43  110     -71640.000
   44  110     -80240.000
   45  110     -82940.000
   46  110     -88345.000
   47  110     -87459.000
   48  110     -90351.000
   49  110     -86410.000
   50  110     -85834.000
   51  110     -77530.000
   52  110     -72300.000
   53  110     -60520.000
   54  110     -51970.000
   44  111     -77030.000
   45  111     -82330.000
   46  111     -86030.000
   47  111     -88217.000
   48  111     -89254.000
   49  111     -88391.000
   50  111     -85943.000
   51  111     -80840.000
   52  111     -73470.000
   53  111     -65070.000
   54  111     -54510.000
   44  112     -76030.000
   45  112     -79730.000
   46  112     -86333.000
   47  112     -86624.000
   48  112     -90581.000
   49  112     -87995.000
   50  112     -88658.000
   51  112     -81603.000
   52  112     -77270.000
   53  112     -67100.000
   54  112     -60060.000
   45  113     -78740.000
   46  113     -83680.000
   47  113     -87040.000
   48  113     -89050.000
   49  113     -89368.000
   50  113     -88330.000
   51  113     -84424.000
   52  113     -78320.000
   53  113     -71120.000
   54  113     -62090.000
   55  113     -51810.000
   45  114     -75960.000
   46  114     -83460.000
   47  114     -84960.000
   48  114     -90021.000
   49  114     -88571.000
   50  114     -90560.000
   51  114     -84680.000
   52  114     -81760.000
   53  114     -72760.000
   54  114     -67180.000
   55  114     -54740.000
   46  115     -80590.000
   47  115     -84950.000
   48  115     -88091.000
   49  115     -89539.000
   50  115     -90034.000
   51  115     -87004.000
   52  115     -82360.000
   53  115     -76400.000
   54  115     -68670.000
   55  115     -59650.000
   46  116     -80140.000
   47  116     -82760.000
   48  116     -88720.000
   49  116     -88252.000
   50  116     -91526.000
   51  116     -86819.000
   52  116     -85290.000
   53  116     -77550.000
   54  116     -73050.000
   55  116     -62290.000
   47  117     -82250.000
   48  117     -86416.000
   49  117     -88945.000
   50  117     -90399.000
   51  117     -88644.000
   52  117     -85110.000
   53  117     -80600.000
   54  117     -74200.000
   55  117     -66260.000
   56  117     -57160.000
   47  118     -79580.000
   48  118     -86709.000
   49  118     -87232.000
   50  118     -91654.000
   51  118     -87998.000
   52  118     -87653.000
   53  118     -81050.000
   54  118     -77950.000
   55  118     -68270.000
   56  118     -62350.000
   47  119     -78590.000
   48  119     -83940.000
   49  119     -87733.000
   50  119     -90068.000
   51  119     -89475.000
   52  119     -87182.000
   53  119     -83780.000
   54  119     -78750.000
   55  119     -72240.000
   56  119     -64460.000
   47  120     -75770.000
   48  120     -83973.000
   49  120     -85800.000
   50  120     -91103.000
   51  120     -88423.000
   52  120     -89386.000
   53  120     -83771.000
   54  120     -81810.000
   55  120     -73820.000
   56  120     -69020.000
   47  121     -74550.000
   48  121     -80950.000
   49  121     -85841.000
   50  121     -89203.000
   51  121     -89591.000
   52  121     -88551.000
   53  121     -86270.000
   54  121     -82510.000
   55  121     -77110.000
   56  121     -70420.000
   48  122     -80580.000
   49  122     -83580.000
   50  122     -89946.000
   51  122     -88327.000
   52  122     -90307.000
   53  122     -86073.000
   54  122     -85050.000
   55  122     -78140.000
   56  122     -74540.000
   48  123     -77520.000
   49  123     -83420.000
   50  123     -87820.000
   51  123     -89223.000
   52  123     -89171.000
   53  123     -87937.000
   54  123     -85258.000
   55  123     -81070.000
   56  123     -75560.000
   49  124     -81060.000
   50  124     -88237.000
   51  124     -87619.000
   52  124     -90525.000
   53  124     -87368.000
   54  124     -87659.000
   55  124     -81740.000
   56  124     -79140.000
   57  124     -70240.000
   49  125     -80420.000
   50  125     -85898.000
   51  125     -88258.000
   52  125     -89024.000
   53  125     -88846.000
   54  125     -87191.000
   55  125     -84113.000
   56  125     -79550.000
   57  125     -73810.000
   49  126     -77810.000
   50  126     -86021.000
   51  126     -86400.000
   52  126     -90067.000
   53  126     -87916.000
   54  126     -89174.000
   55  126     -84347.000
   56  126     -82770.000
   57  126     -75050.000
   58  126     -71070.000
   49  127     -77010.000
   50  127     -83504.000
   51  127     -86705.000
   52  127     -88286.000
   53  127     -88982.000
   54  127     -88319.000
   55  127     -86243.000
   56  127     -82790.000
   57  127     -77990.000
   58  127     -72290.000
   49  128     -74020.000
   50  128     -83330.000
   51  128     -84610.000
   52  128     -88992.000
   53  128     -87736.000
   54  128     -89860.000
   55  128     -85928.000
   56  128     -85470.000
   57  128     -78820.000
   58  128     -75870.000
   59  128     -66320.000
   49  129     -73020.000
   50  129     -80620.000
   51  129     -84624.000
   52  129     -87006.000
   53  129     -88507.000
   54  129     -88698.000
   55  129     -87506.000
   56  129     -85080.000
   57  129     -81360.000
   58  129     -76480.000
   59  129     -70060.000
   60  129     -62880.000
   49  130     -70010.000
   50  130     -80130.000
   51  130     -82330.000
   52  130     -87348.000
   53  130     -86897.000
   54  130     -89881.000
   55  130     -86853.000
   56  130     -87291.000
   57  130     -81590.000
   58  130     -79590.000
   59  130     -71290.000
   60  130     -66990.000
   49  131     -68490.000
   50  131     -77380.000
   51  131     -82020.000
   52  131     -85206.000
   53  131     -87457.000
   54  131     -88428.000
   55  131     -88076.000
   56  131     -86714.000
   57  131     -83750.000
   58  131     -79730.000
   59  131     -74450.000
   60  131     -68230.000
   49  132     -63210.000
   50  132     -76610.000
   51  132     -79730.000
   52  132     -85222.000
   53  132     -85715.000
   54  132     -89292.000
   55  132     -87171.000
   56  132     -88447.000
   57  132     -83740.000
   58  132     -82440.000
   59  132     -75340.000
   60  132     -71940.000
   61  132     -61940.000
   50  133     -71190.000
   51  133     -79020.000
   52  133     -82970.000
   53  133     -85888.000
   54  133     -87659.000
   55  133     -88086.000
   56  133     -87570.000
   57  133     -85520.000
   58  133     -82470.000
   59  133     -78020.000
   60  133     -72570.000
   61  133     -65620.000
   50  134     -67230.000
   51  134     -74020.000
   52  134     -82430.000
   53  134     -83990.000
   54  134     -88125.000
   55  134     -86906.000
   56  134     -88965.000
   57  134     -85252.000
   58  134     -84750.000
   59  134     -78650.000
   60  134     -75950.000
   61  134     -67050.000
   62  134     -62050.000
   51  135     -70320.000
   52  135     -77870.000
   53  135     -83821.000
   54  135     -86506.000
   55  135     -87662.000
   56  135     -87867.000
   57  135     -86667.000
   58  135     -84641.000
   59  135     -80920.000
   60  135     -76220.000
   61  135     -70220.000
   62  135     -63520.000
   51  136     -65050.004
   52  136     -74460.000
   53  136     -79550.000
   54  136     -86429.000
   55  136     -86354.000
   56  136     -88903.000
   57  136     -86030.000
   58  136     -86500.000
   59  136     -81370.000
   60  136     -79160.000
   61  136     -71300.000
   62  136     -67260.000
   63  136     -57000.000
   52  137     -69480.000
   53  137     -76507.000
   54  137     -82383.000
   55  137     -86556.000
   56  137     -87732.000
   57  137     -87130.000
   58  137     -85910.000
   59  137     -83200.000
   60  137     -79700.000
   61  137     -74020.000
   62  137     -68100.000
   63  137     -60720.000
   52  138     -66110.000
   53  138     -72290.000
   54  138     -80110.000
   55  138     -82896.000
   56  138     -88272.000
   57  138     -86531.000
   58  138     -87574.000
   59  138     -83137.000
   60  138     -82040.000
   61  138     -75140.000
   62  138     -71540.000
   63  138     -62340.000
   64  138     -56640.000
   53  139     -68880.000
   54  139     -75690.000
   55  139     -80710.000
   56  139     -84924.000
   57  139     -87238.000
   58  139     -86973.000
   59  139     -84844.000
   60  139     -82060.000
   61  139     -77540.000
   62  139     -72080.000
   63  139     -65630.000
   64  139     -58470.000
   53  140     -64250.000
   54  140     -72990.000
   55  140     -77053.000
   56  140     -83273.000
   57  140     -84327.000
   58  140     -88088.000
   59  140     -84700.000
   60  140     -84471.000
   61  140     -78380.000
   62  140     -75380.000
   63  140     -66980.000
   64  140     -62480.000
   65  140     -51780.000
   54  141     -68320.000
   55  141     -74472.000
   56  141     -79732.000
   57  141     -82983.000
   58  141     -85445.000
   59  141     -86026.000
   60  141     -84203.000
   61  141     -80472.000
   62  141     -75943.000
   63  141     -69980.000
   64  141     -63540.000
   65  141     -55580.000
   54  142     -65500.000
   55  142     -70538.000
   56  142     -77847.000
   57  142     -80027.000
   58  142     -84542.000
   59  142     -83798.000
   60  142     -85960.000
   61  142     -81090.000
   62  142     -78986.000
   63  142     -71590.000
   64  142     -67390.000
   65  142     -57390.000
   66  142     -50990.000
   55  143     -67745.000
   56  143     -73979.000
   57  143     -78200.000
   58  143     -81616.000
   59  143     -83078.000
   60  143     -84012.000
   61  143     -82970.000
   62  143     -79526.000
   63  143     -74380.000
   64  143     -68470.000
   65  143     -60970.000
   66  143     -52870.000
   55  144     -63370.000
   56  144     -71840.000
   57  144     -74940.000
   58  144     -80441.000
   59  144     -80760.000
   60  144     -83758.000
   61  144     -81425.000
   62  144     -81975.000
   63  144     -75646.000
   64  144     -71950.000
   65  144     -62750.000
   66  144     -57150.000
   67  144     -45650.000
   55  145     -60210.000
   56  145     -68120.000
   57  145     -73020.000
   58  145     -77110.000
   59  145     -79636.000
   60  145     -81442.000
   61  145     -81278.000
   62  145     -80660.000
   63  145     -78000.000
   64  145     -72950.000
   65  145     -66200.000
   66  145     -58750.000
   67  145     -50000.000
   55  146     -55700.000
   56  146     -65059.996
   57  146     -69200.000
   58  146     -75730.000
   59  146     -76760.000
   60  146     -80935.000
   61  146     -79458.000
   62  146     -81000.000
   63  146     -77125.000
   64  146     -76099.000
   65  146     -67860.000
   66  146     -62860.000
   67  146     -52160.000
   68  146     -45060.000
   55  147     -52300.000
   56  147     -61500.000
   57  147     -67250.000
   58  147     -72190.000
   59  147     -75470.000
   60  147     -78156.000
   61  147     -79052.000
   62  147     -79276.000
   63  147     -77555.000
   64  147     -75367.000
   65  147     -70880.000
   66  147     -64330.000
   67  147     -56280.000
   68  147     -47330.000
   69  147     -36710.000
   55  148     -47580.000
   56  148     -58130.000
   57  148     -63810.000
   58  148     -70430.000
   59  148     -72490.000
   60  148     -77418.000
   61  148     -76874.000
   62  148     -79346.000
   63  148     -76239.000
   64  148     -76278.000
   65  148     -70680.000
   66  148     -68000.000
   67  148     -58380.000
   68  148     -52000.000
   69  148     -39880.000
   56  149     -54300.000
   57  149     -61290.000
   58  149     -66800.000
   59  149     -70988.000
   60  149     -74385.000
   61  149     -76073.000
   62  149     -77146.000
   63  149     -76455.000
   64  149     -75135.000
   65  149     -71499.000
   66  149     -67900.000
   67  149     -61910.000
   68  149     -54950.000
   69  149     -44510.000
   70  149     -33910.000
   57  150     -57500.000
   58  150     -64989.996
   59  150     -68000.000
   60  150     -73693.000
   61  150     -73606.000
   62  150     -77060.000
   63  150     -74800.000
   64  150     -75771.000
   65  150     -71113.000
   66  150     -69324.000
   67  150     -62210.000
   68  150     -58120.000
   69  150     -47010.000
   70  150     -39320.000
   71  150     -25350.000
   58  151     -61660.000
   59  151     -66760.000
   60  151     -70956.000
   61  151     -73398.000
   62  151     -74587.000
   63  151     -74663.000
   64  151     -74199.000
   65  151     -71633.000
   66  151     -68764.000
   67  151     -63720.000
   68  151     -58460.000
   69  151     -51220.000
   70  151     -41960.000
   71  151     -31000.000
   58  152     -59760.000
   59  152     -64160.004
   60  152     -70160.000
   61  152     -71270.000
   62  152     -74773.000
   63  152     -72899.000
   64  152     -74718.000
   65  152     -70770.000
   66  152     -70127.000
   67  152     -63750.000
   68  152     -60640.000
   69  152     -51850.000
   70  152     -46640.000
   71  152     -34050.000
   59  153     -62370.000
   60  153     -67170.000
   61  153     -70669.000
   62  153     -72569.000
   63  153     -73378.000
   64  153     -72893.000
   65  153     -71322.000
   66  153     -69152.000
   67  153     -65023.004
   68  153     -60670.000
   69  153     -54240.000
   70  153     -47270.000
   71  153     -38840.000
   59  154     -59110.000
   60  154     -65860.000
   61  154     -68410.000
   62  154     -72465.000
   63  154     -71748.000
   64  154     -73717.000
   65  154     -70150.000
   66  154     -70399.000
   67  154     -64647.004
   68  154     -62622.000
   69  154     -54700.000
   70  154     -50220.000
   71  154     -40000.000
   72  154     -33420.000
   60  155     -62700.000
   61  155     -67100.000
   62  155     -70201.000
   63  155     -71829.000
   64  155     -72081.000
   65  155     -71261.000
   66  155     -69166.000
   67  155     -66064.000
   68  155     -62220.000
   69  155     -56730.000
   70  155     -50700.000
   71  155     -42990.000
   72  155     -34600.000
   60  156     -60570.000
   61  156     -64370.004
   62  156     -69374.000
   63  156     -70096.000
   64  156     -72546.000
   65  156     -70102.000
   66  156     -70536.000
   67  156     -65600.000
   68  156     -64100.000
   69  156     -56980.000
   70  156     -53410.000
   71  156     -43830.000
   72  156     -38180.000
   73  156     -26230.000
   61  157     -62370.000
   62  157     -66870.000
   63  157     -69472.000
   64  157     -70834.000
   65  157     -70772.000
   66  157     -69434.000
   67  157     -66890.000
   68  157     -63420.000
   69  157     -58890.000
   70  157     -53630.000
   71  157     -46690.000
   72  157     -38960.000
   73  157     -30030.000
   61  158     -59410.000
   62  158     -65400.000
   63  158     -67220.000
   64  158     -70701.000
   65  158     -69480.000
   66  158     -70418.000
   67  158     -66200.000
   68  158     -65300.004
   69  158     -58900.000
   70  158     -56022.000
   71  158     -47490.000
   72  158     -42400.000
   73  158     -31370.000
   74  158     -24380.000
   62  159     -62370.000
   63  159     -66058.000
   64  159     -68572.000
   65  159     -69542.000
   66  159     -69176.000
   67  159     -67338.000
   68  159     -64570.000
   69  159     -60670.000
   70  159     -55900.000
   71  159     -49770.000
   72  159     -43050.000
   73  159     -34820.000
   74  159     -25720.000
   62  160     -60350.000
   63  160     -63550.000
   64  160     -67953.000
   65  160     -67846.000
   66  160     -69682.000
   67  160     -66391.000
   68  160     -66063.000
   69  160     -60460.000
   70  160     -58160.000
   71  160     -50460.000
   72  160     -46080.000
   73  160     -35850.000
   74  160     -29690.000
   63  161     -61770.000
   64  161     -65517.000
   65  161     -67471.000
   66  161     -68064.000
   67  161     -67207.000
   68  161     -65203.004
   69  161     -62100.000
   70  161     -57900.000
   71  161     -52600.000
   72  161     -46480.000
   73  161     -38980.000
   74  161     -30620.000
   75  161     -21170.000
   63  162     -59080.000
   64  162     -64239.996
   65  162     -65680.000
   66  162     -68189.000
   67  162     -66050.000
   68  162     -66346.000
   69  162     -61550.000
   70  162     -59850.000
   71  162     -52860.000
   72  162     -49178.000
   73  162     -40060.000
   74  162     -34300.000
   75  162     -22670.000
   64  163     -61590.000
   65  163     -64699.996
   66  163     -66389.000
   67  163     -66386.000
   68  163     -65177.000
   69  163     -62738.000
   70  163     -59370.000
   71  163     -54770.000
   72  163     -49380.000
   73  163     -42600.000
   74  163     -35110.000
   75  163     -26330.000
   76  163     -16620.000
   64  164     -59280.000
   65  164     -62090.000
   66  164     -65976.000
   67  164     -64989.996
   68  164     -65952.000
   69  164     -61990.000
   70  164     -60990.000
   71  164     -54740.000
   72  164     -51790.000
   73  164     -43320.000
   74  164     -38380.000
   75  164     -27510.000
   76  164     -20780.000
   65  165     -60610.000
   66  165     -63621.000
   67  165     -64906.996
   68  165     -64530.000
   69  165     -62938.000
   70  165     -60175.000
   71  165     -56260.000
   72  165     -51670.000
   73  165     -45850.000
   74  165     -39030.000
   75  165     -30910.000
   76  165     -21870.000
   65  166     -57980.000
   66  166     -62593.000
   67  166     -63079.000
   68  166     -64933.000
   69  166     -61894.000
   70  166     -61589.000
   71  166     -56110.000
   72  166     -53790.000
   73  166     -46310.000
   74  166     -41898.000
   75  166     -32130.002
   76  166     -25740.000
   77  166     -13540.000
   66  167     -59940.000
   67  167     -62291.000
   68  167     -63298.000
   69  167     -62550.000
   70  167     -60596.000
   71  167     -57470.000
   72  167     -53470.000
   73  167     -48470.000
   74  167     -42350.000
   75  167     -34910.000
   76  167     -26710.000
   77  167     -17360.000
   66  168     -58500.000
   67  168     -60260.000
   68  168     -62998.000
   69  168     -61319.000
   70  168     -61575.000
   71  168     -57090.000
   72  168     -55290.000
   73  168     -48590.000
   74  168     -44840.000
   75  168     -35880.000
   76  168     -30130.000
   77  168     -18670.000
   78  168     -11370.000
   67  169     -58805.000
   68  169     -60930.000
   69  169     -61280.000
   70  169     -60371.000
   71  169     -58078.000
   72  169     -54810.000
   73  169     -50380.000
   74  169     -44940.000
   75  169     -38600.000
   76  169     -30880.000
   77  169     -22210.000
   78  169     -12610.000
   67  170     -56250.000
   68  170     -60117.000
   69  170     -59802.000
   70  170     -60770.000
   71  170     -57311.000
   72  170     -56210.000
   73  170     -50210.000
   74  170     -47240.000
   75  170     -39040.000
   76  170     -33933.000
   77  170     -23530.000
   78  170     -16610.000
   68  171     -57727.000
   69  171     -59217.000
   70  171     -59314.000
   71  171     -57834.000
   72  171     -55430.000
   73  171     -51730.000
   74  171     -47080.000
   75  171     -41440.000
   76  171     -34550.000
   77  171     -26420.000
   78  171     -17680.000
   68  172     -56491.000
   69  172     -57382.000
   70  172     -59262.000
   71  172     -56741.000
   72  172     -56390.000
   73  172     -51470.000
   74  172     -48970.000
   75  172     -41660.000
   76  172     -37190.000
   77  172     -27490.000
   78  172     -21240.000
   68  173     -53660.000
   69  173     -56265.000
   70  173     -57558.000
   71  173     -56886.000
   72  173     -55290.000
   73  173     -52490.000
   74  173     -48690.000
   75  173     -43650.000
   76  173     -37460.000
   77  173     -30230.000
   78  173     -22110.000
   79  173     -12890.000
   69  174     -53870.000
   70  174     -56951.000
   71  174     -55575.000
   72  174     -55851.000
   73  174     -51850.000
   74  174     -50150.000
   75  174     -43670.000
   76  174     -39950.000
   77  174     -31010.000
   78  174     -25324.000
   79  174     -14330.000
   69  175     -52300.000
   70  175     -54702.000
   71  175     -55171.000
   72  175     -54488.000
   73  175     -52490.000
   74  175     -49590.000
   75  175     -45280.000
   76  175     -39920.000
   77  175     -33490.000
   78  175     -25950.000
   79  175     -17210.000
   80  175      -8210.000
   69  176     -49700.000
   70  176     -53501.000
   71  176     -53394.000
   72  176     -54582.000
   73  176     -51470.000
   74  176     -50680.000
   75  176     -44980.000
   76  176     -42080.000
   77  176     -34000.000
   78  176     -28880.000
   79  176     -18520.000
   80  176     -11890.000
   70  177     -50996.000
   71  177     -52394.000
   72  177     -52892.000
   73  177     -51726.000
   74  177     -49730.000
   75  177     -46330.000
   76  177     -41870.000
   77  177     -36100.000
   78  177     -29390.000
   79  177     -21370.000
   80  177     -12950.000
   70  178     -49705.000
   71  178     -50338.000
   72  178     -52446.000
   73  178     -50530.000
   74  178     -50440.000
   75  178     -45780.000
   76  178     -43540.000
   77  178     -36350.000
   78  178     -31950.000
   79  178     -22530.000
   80  178     -16320.999
   71  179     -49110.000
   72  179     -50475.000
   73  179     -50365.000
   74  179     -49306.000
   75  179     -46620.000
   76  179     -42970.000
   77  179     -38050.000
   78  179     -32200.000
   79  179     -24990.000
   80  179     -17090.000
   81  179      -8020.000
   71  180     -46690.000
   72  180     -49791.000
   73  180     -48939.000
   74  180     -49647.000
   75  180     -45840.000
   76  180     -44380.000
   77  180     -37840.000
   78  180     -34400.000
   79  180     -25750.000
   80  180     -20200.000
   81  180      -9300.000
   72  181     -47416.000
   73  181     -48444.000
   74  181     -48256.000
   75  181     -46460.000
   76  181     -43530.000
   77  181     -39360.000
   78  181     -34310.000
   79  181     -27920.000
   80  181     -20680.000
   81  181     -12350.000
   72  182     -46062.000
   73  182     -46436.000
   74  182     -48250.000
   75  182     -45450.000
   76  182     -44542.000
   77  182     -38950.000
   78  182     -36170.000
   79  182     -28390.000
   80  182     -23530.000
   81  182     -13500.000
   82  182      -6874.000
   72  183     -43290.000
   73  183     -45299.000
   74  183     -46369.000
   75  183     -45813.000
   76  183     -43510.000
   77  183     -40110.000
   78  183     -35700.000
   79  183     -30170.000
   80  183     -23740.000
   81  183     -16209.999
   82  183      -7720.000
   72  184     -41500.000
   73  184     -42844.000
   74  184     -45709.000
   75  184     -44220.000
   76  184     -44259.000
   77  184     -39540.000
   78  184     -37360.000
   79  184     -30130.000
   80  184     -26310.000
   81  184     -17030.000
   82  184     -11000.000
   73  185     -41402.000
   74  185     -43393.000
   75  185     -43826.000
   76  185     -42813.000
   77  185     -40210.000
   78  185     -36510.000
   79  185     -31750.000
   80  185     -26110.000
   81  185     -19490.000
   82  185     -11580.000
   73  186     -38620.000
   74  186     -42515.000
   75  186     -41933.000
   76  186     -43003.000
   77  186     -39172.000
   78  186     -37790.000
   79  186     -31570.000
   80  186     -28540.000
   81  186     -20080.000
   82  186     -14630.000
   83  186      -3380.000
   74  187     -39910.000
   75  187     -41222.000
   76  187     -41224.000
   77  187     -39720.000
   78  187     -36820.000
   79  187     -32900.000
   80  187     -28130.000
   81  187     -22200.000
   82  187     -14920.000
   83  187      -6100.000
   74  188     -38673.000
   75  188     -39022.000
   76  188     -41142.000
   77  188     -38333.000
   78  188     -37827.000
   79  188     -32529.998
   80  188     -30230.000
   81  188     -22430.000
   82  188     -17780.000
   83  188      -7330.000
   74  189     -35480.000
   75  189     -37985.000
   76  189     -38993.000
   77  189     -38462.000
   78  189     -36491.000
   79  189     -33640.000
   80  189     -29690.000
   81  189     -24450.000
   82  189     -17820.000
   83  189      -9800.000
   74  190     -34310.000
   75  190     -35580.000
   76  190     -38714.000
   77  190     -36710.000
   78  190     -37331.000
   79  190     -32889.000
   80  190     -31410.000
   81  190     -24490.000
   82  190     -20420.000
   83  190     -10690.000
   75  191     -34360.000
   76  191     -36401.000
   77  191     -36715.000
   78  191     -35701.000
   79  191     -33870.000
   80  191     -30690.000
   81  191     -26190.000
   82  191     -20300.000
   83  191     -12990.000
   75  192     -31790.000
   76  192     -35892.000
   77  192     -34843.000
   78  192     -36303.000
   79  192     -32787.000
   80  192     -32060.002
   81  192     -25950.000
   82  192     -22580.000
   83  192     -13520.000
   84  192      -8030.000
   76  193     -33405.000
   77  193     -34544.000
   78  193     -34487.000
   79  193     -33430.000
   80  193     -31090.000
   81  193     -27450.000
   82  193     -22280.000
   83  193     -15720.000
   84  193      -8280.000
   76  194     -32442.002
   77  194     -32539.002
   78  194     -34787.000
   79  194     -32294.998
   80  194     -32255.002
   81  194     -27070.000
   82  194     -24250.000
   83  194     -16040.001
   84  194     -11010.000
   85  194       -760.000
   76  195     -29700.000
   77  195     -31700.000
   78  195     -32821.000
   79  195     -32594.002
   80  195     -31070.000
   81  195     -28270.000
   82  195     -23780.000
   83  195     -17930.000
   84  195     -11120.000
   85  195      -3170.000
   76  196     -28300.000
   77  196     -29460.000
   78  196     -32671.002
   79  196     -31166.000
   80  196     -31852.000
   81  196     -27500.000
   82  196     -25420.000
   83  196     -17970.000
   84  196     -13500.000
   85  196      -3890.000
   77  197     -28292.000
   78  197     -30446.000
   79  197     -31165.000
   80  197     -30566.000
   81  197     -28400.000
   82  197     -24800.000
   83  197     -19640.000
   84  197     -13450.000
   85  197      -6190.000
   77  198     -25830.000
   78  198     -29932.000
   79  198     -29606.000
   80  198     -30979.000
   81  198     -27520.000
   82  198     -26100.000
   83  198     -19540.000
   84  198     -15510.000
   85  198      -6720.000
   86  198      -1240.000
   78  199     -27432.000
   79  199     -29119.000
   80  199     -29572.000
   81  199     -28140.000
   82  199     -25270.000
   83  199     -20920.000
   84  199     -15280.000
   85  199      -8730.000
   86  199      -1560.000
   78  200     -26627.000
   79  200     -27280.000
   80  200     -29529.000
   81  200     -27073.000
   82  200     -26280.000
   83  200     -20400.000
   84  200     -17010.000
   85  200      -8940.000
   86  200      -4040.000
   78  201     -23750.000
   79  201     -26413.000
   80  201     -27688.000
   81  201     -27205.000
   82  201     -25300.000
   83  201     -21470.000
   84  201     -16570.000
   85  201     -10740.000
   86  201      -4160.000
   87  201       3770.000
   79  202     -24420.000
   80  202     -27370.000
   81  202     -26006.000
   82  202     -25957.000
   83  202     -20800.000
   84  202     -17970.000
   85  202     -10770.000
   86  202      -6320.000
   87  202       3100.000
   79  203     -23153.000
   80  203     -25292.000
   81  203     -25784.000
   82  203     -24810.000
   83  203     -21580.000
   84  203     -17350.000
   85  203     -12290.000
   86  203      -6230.000
   87  203        970.000
   79  204     -20720.000
   80  204     -24716.000
   81  204     -24369.000
   82  204     -25132.000
   83  204     -20730.000
   84  204     -18370.000
   85  204     -11900.000
   86  204      -8040.000
   87  204        650.000
   88  204       5990.000
   80  205     -22312.000
   81  205     -23846.000
   82  205     -23793.000
   83  205     -21084.000
   84  205     -17555.000
   85  205     -13030.000
   86  205      -7760.000
   87  205      -1270.000
   88  205       5760.000
   80  206     -20969.000
   81  206     -22278.000
   82  206     -23809.000
   83  206     -20052.000
   84  206     -18205.000
   85  206     -12490.000
   86  206      -9160.000
   87  206      -1420.000
   88  206       3520.000
   80  207     -16270.000
   81  207     -21049.000
   82  207     -22476.000
   83  207     -20079.000
   84  207     -17169.000
   85  207     -13290.000
   86  207      -8670.000
   87  207      -2960.000
   88  207       3470.000
   81  208     -16774.000
   82  208     -21772.000
   83  208     -18894.000
   84  208     -17492.000
   85  208     -12560.000
   86  208      -9690.000
   87  208      -2710.000
   88  208       1660.000
   81  209     -13652.000
   82  209     -17638.000
   83  209     -18282.000
   84  209     -16390.000
   85  209     -12902.000
   86  209      -8973.000
   87  209      -3830.000
   88  209       1810.000
   89  209       8890.000
   81  210      -9262.000
   82  210     -14752.000
   83  210     -14815.000
   84  210     -15977.000
   85  210     -11995.000
   86  210      -9623.000
   87  210      -3400.000
   88  210        420.000
   89  210       8620.000
   82  211     -10494.000
   83  211     -11873.000
   84  211     -12457.000
   85  211     -11674.000
   86  211      -8780.000
   87  211      -4200.000
   88  211        800.000
   89  211       7080.000
   82  212      -7571.000
   83  212      -8142.000
   84  212     -10394.000
   85  212      -8640.000
   86  212      -8682.000
   87  212      -3600.000
   88  212       -230.000
   89  212       7240.000
   90  212      12040.000
   82  213      -3240.000
   83  213      -5244.000
   84  213      -6676.000
   85  213      -6603.000
   86  213      -5722.000
   87  213      -3572.000
   88  213        311.000
   89  213       6100.000
   90  213      12080.000
   82  214       -188.000
   83  214      -1218.000
   84  214      -4493.000
   85  214      -3403.000
   86  214      -4343.000
   87  214       -983.000
   88  214         75.000
   89  214       6380.000
   90  214      10670.000
   83  215       1710.000
   84  215       -542.000
   85  215      -1269.000
   86  215      -1193.000
   87  215        292.000
   88  215       2509.000
   89  215       5970.000
   90  215      10890.000
   91  215      17680.000
   83  216       5960.000
   84  216       1760.000
   85  216       2231.000
   86  216        231.000
   87  216       2960.000
   88  216       3269.000
   89  216       8060.000
   90  216      10270.000
   91  216      17680.000
   84  217       5840.000
   85  217       4383.000
   86  217       3634.000
   87  217       4293.000
   88  217       5864.000
   89  217       8685.000
   90  217      12160.000
   91  217      17020.000
   84  218       8351.000
   85  218       8090.000
   86  218       5199.000
   87  218       7036.000
   88  218       6627.000
   89  218      10820.000
   90  218      12348.000
   91  218      18600.000
   85  219      10520.000
   86  219       8828.000
   87  219       8609.000
   88  219       9363.000
   89  219      11540.000
   90  219      14450.000
   91  219      18500.000
   85  220      14290.000
   86  220      10590.000
   87  220      11456.000
   88  220      10250.000
   89  220      13730.000
   90  220      14647.000
   91  220      20190.000
   86  221      14420.000
   87  221      13266.000
   88  221      12938.000
   89  221      14500.000
   90  221      16917.000
   91  221      20310.000
   86  222      16367.001
   87  222      16379.999
   88  222      14303.000
   89  222      16603.000
   90  222      17182.000
   91  222      21940.000
   87  223      18381.000
   88  223      17232.000
   89  223      17817.000
   90  223      19357.000
   91  223      22310.000
   87  224      21620.000
   88  224      18804.000
   89  224      20204.000
   90  224      19980.000
   91  224      23780.000
   87  225      23840.000
   88  225      21988.000
   89  225      21626.000
   90  225      22283.000
   91  225      24310.000
   87  226      27210.000
   88  226      23662.000
   89  226      24303.000
   90  226      23183.000
   91  226      26015.000
   92  226      27170.000
   87  227      29590.000
   88  227      27172.000
   89  227      25848.000
   90  227      25803.000
   91  227      26824.000
   92  227      28970.000
   87  228      33140.000
   88  228      28936.000
   89  228      28890.000
   90  228      26749.000
   91  228      28856.000
   92  228      29209.000
   88  229      32660.000
   89  229      30900.000
   90  229      29581.000
   91  229      29887.000
   92  229      31181.000
   93  229      33740.000
   88  230      34660.000
   89  230      33760.000
   90  230      30858.000
   91  230      32168.000
   92  230      31600.000
   93  230      35220.000
   89  231      35910.000
   90  231      33812.000
   91  231      33422.000
   92  231      33780.000
   93  231      35620.000
   94  231      38390.000
   89  232      39240.000
   90  232      35444.000
   91  232      35924.000
   92  232      34587.000
   93  232      37280.000
   94  232      38349.000
   90  233      38729.000
   91  233      37485.000
   92  233      36915.000
   93  233      38010.000
   94  233      40020.000
   95  233      43270.000
   90  234      40607.000
   91  234      40334.000
   92  234      38141.000
   93  234      39952.000
   94  234      40335.000
   95  234      44340.000
   90  235      44250.000
   91  235      42330.000
   92  235      40915.000
   93  235      41039.000
   94  235      42160.000
   95  235      44640.000
   96  235      48020.000
   91  236      45340.000
   92  236      42441.000
   93  236      43370.000
   94  236      42879.000
   95  236      46010.000
   96  236      47870.000
   91  237      47640.000
   92  237      45387.000
   93  237      44868.000
   94  237      45090.000
   95  237      46640.000
   96  237      49150.000
   97  237      53190.000
   91  238      50910.000
   92  238      47305.000
   93  238      47451.000
   94  238      46160.000
   95  238      48420.000
   96  238      49380.000
   97  238      54070.000
   92  239      50570.000
   93  239      49306.000
   94  239      48584.000
   95  239      49385.000
   96  239      51090.000
   97  239      54270.000
   98  239      58250.000
   92  240      52711.000
   93  240      52321.000
   94  240      50122.000
   95  240      51498.000
   96  240      51702.000
   97  240      55600.000
   98  240      58020.000
   93  241      54260.000
   94  241      52952.000
   95  241      52931.000
   96  241      53700.000
   97  241      56100.000
   98  241      59180.000
   99  241      63830.000
   93  242      57410.000
   94  242      54713.000
   95  242      55463.000
   96  242      54800.000
   97  242      57800.000
   98  242      59320.000
   99  242      64620.004
   93  243      59922.000
   94  243      57751.000
   95  243      57169.000
   96  243      57177.000
   97  243      58683.000
   98  243      60910.000
   99  243      64710.000
  100  243      69360.000
   94  244      59802.000
   95  244      59877.000
   96  244      58449.000
   97  244      60700.000
   98  244      61460.000
   99  244      65970.000
  100  244      69040.000
   94  245      63175.000
   95  245      61891.000
   96  245      60998.000
   97  245      61809.000
   98  245      63380.000
   99  245      66380.000
  100  245      70040.000
   94  246      65391.000
   95  246      64989.996
   96  246      62614.000
   97  246      64110.000
   98  246      64086.996
   99  246      67940.000
  100  246      70120.000
   95  247      67230.000
   96  247      65528.000
   97  247      65484.000
   98  247      66130.000
   99  247      68550.000
  100  247      71530.000
  101  247      76060.000
   95  248      70590.000
   96  248      67388.000
   97  248      68107.000
   98  248      67237.000
   99  248      70290.000
  100  248      71888.000
  101  248      77100.000
   96  249      70746.000
   97  249      69842.000
   98  249      69717.000
   99  249      71110.000
  100  249      73510.000
  101  249      77270.000
   96  250      72985.000
   97  250      72951.000
   98  250      71167.000
   99  250      73270.000
  100  250      74060.000
  101  250      78580.000
   96  251      76642.000
   97  251      75222.000
   98  251      74129.000
   99  251      74506.000
  100  251      75978.000
  101  251      79050.000
  102  251      82760.000
   97  252      78530.000
   98  252      76030.000
   99  252      77290.000
  100  252      76814.000
  101  252      80620.000
  102  252      82857.000
   98  253      79296.000
   99  253      79007.000
  100  253      79339.000
  101  253      81240.000
  102  253      84330.000
  103  253      88630.000
   98  254      81338.000
   99  254      81994.000
  100  254      80900.000
  101  254      83490.000
  102  254      84711.000
  103  254      89750.000
   99  255      84083.000
  100  255      83788.000
  101  255      84835.000
  102  255      86848.000
  103  255      90080.000
  104  255      94290.000
   99  256      87160.000
  100  256      85482.000
  101  256      87550.000
  102  256      87793.000
  103  256      91930.000
  104  256      94234.000
  100  257      88585.000
  101  257      89010.000
  102  257      90220.000
  103  257      92670.000
  104  257      95900.000
  105  257     100360.000
  101  258      91840.000
  102  258      91430.000
  103  258      94750.000
  104  258      96340.000
  105  258     101620.000
  102  259      94018.000
  103  259      95840.000
  104  259      98280.000
  105  259     102110.000
  106  259     106590.000
  103  260      98130.000
  104  260      99020.000
  105  260     103620.000
  106  260     106580.000
  104  261     101150.000
  105  261     104170.000
  106  261     108140.000
  107  261     113330.000
  105  262     105970.000
  106  262     108460.000
  107  262     114650.000
  106  263     110090.000
  107  263     114830.000
  107  264     116150.000
  108  264     119710.000
  108  265     121080.000
  109  266     128350.008
